0
1200
0.001
1
4
6
0
4 6
0.81219 1.24799 -0.444451 -0.602179 0.991398 -0.967399
-0.413471 -0.0287145 0.10794 -0.232804 1.09944 -0.514226
1.26146 -0.983568 -0.0452059 0.82014 -1.04711 -0.725537
1.20857 -0.333948 0.257742 1.30347 -0.739607 0.608354
1 6
-0.799335 0.0966974 -0.740419 -1.00082 1.39723 -0.563486
1
relu
0
6 6
0.376858 -1.15053 -0.366215 -0.860489 1.44472 -0.539873
0.644229 1.27751 0.997791 0.898654 -0.19961 0.93536
0.22528 -0.414966 -0.433371 0.0519907 -0.871657 0.804416
-0.304308 0.427642 -1.48596 -0.827888 -0.656285 0.692585
-0.233958 1.33266 1.53699 -0.615572 0.0506001 -0.467802
0.0485744 0.539828 0.838053 0.326454 -0.873808 0.0795207
1 6
-0.330851 0.602498 0.328942 0.335448 0.10757 -0.923589
1
relu
0
6 3
-0.259095 0.236088 0.672333
0.81952 -1.9739 -0.421817
0.830409 1.29678 -1.80411
0.441905 -0.668052 0.786745
-1.06244 -0.375281 0.213414
0.474151 0.759269 0.376332
1 3
0.837262 0.119636 0.217616
1
sigmoid
