0
800
0.005
1
10
0
6
0
4 6
-0.198111 -0.563486 -0.407937 0.94555 0.539828 -0.295083
-0.740419 0.0258648 0.275105 -0.414966 -0.199543 0.615449
-0.782382 0.678224 0.0485744 0.542715 0.783059 0.838053
0.997849 0.22528 -0.012834 0.05349 -0.433371 -0.860489
1 6
0.898654 0.0519907 -0.827888 -0.615572 0.326454 0.780465
1
relu
0
6 6
-0.302214 0.941268 0.520497 0.86367 -0.291903 -0.339326
-0.871657 0.804416 0.0250707 0.86162 0.375723 -0.542064
-0.959954 0.70184 0.335448 0.441905 -0.668052 0.786745
-0.0845965 -0.466669 0.0632129 -0.431413 -0.119791 -0.29928
-0.873808 0.0795207 -0.921439 0.477069 0.76015 0.37334
-0.52344 -0.249586 -0.124725 0.279958 0.658402 0.912937
1 6
0.17728 0.314608 0.717353 -0.12088 0.84794 -0.203127
1
relu
0
6 3
0.629534 0.840257 -0.437881
0.368437 -0.70468 0.572004
0.821944 0.762124 -0.385084
-0.0350187 0.282161 -0.105933
-0.56835 -0.136093 -0.547787
0.900505 0.239193 -0.624934
1 3
-0.447531 0.112888 -0.166997
1
sigmoid
